positive/1778520523.582731.jpg 8 418 858 140 174 146 648 334 166 294 392 164 90 1046 208 238 138 1154 326 212 162 1678 266 206 224 664 2 168 156 406 66 148 196
positive/1778520534.930881.jpg 7 522 180 152 178 398 318 224 174 306 522 292 144 766 174 124 208 932 146 186 170 1116 58 104 190 918 80 104 70
positive/1778520546.709090.jpg 7 678 480 288 192 654 288 224 180 846 192 208 148 798 134 104 74 1786 282 174 188 1302 454 264 172 2076 432 110 146
positive/1778520548.520544.jpg 11 1416 280 250 192 1730 112 126 178 1528 726 256 290 1808 646 286 306 278 574 308 210 36 566 140 320 430 164 140 74 478 14 206 116 878 4 132 164 1050 24 126 198 890 206 120 80
positive/1778520563.823281.jpg 6 1614 734 174 298 774 624 136 104 216 280 156 206 2 318 156 200 858 2 86 198 1050 380 202 210
positive/1778520580.670581.jpg 10 788 454 198 212 846 286 168 172 226 342 200 160 250 588 242 248 1732 772 422 206 2054 666 94 124 1822 330 246 164 660 46 170 196 836 78 98 66 602 70 62 56
positive/1778520581.595916.jpg 7 626 564 244 288 658 190 116 218 1178 310 246 160 964 156 160 148 1518 58 88 84 1576 250 90 88 362 796 170 328
positive/1778520582.943808.jpg 11 142 562 298 156 4 762 112 180 1408 600 124 318 1410 974 218 112 1444 478 264 168 1398 260 256 138 1248 414 108 280 986 320 96 240 582 250 260 136 450 0 192 134 68 78 144 192
positive/1778520589.209592.jpg 10 240 354 238 148 580 298 254 142 560 398 136 258 840 576 84 152 866 332 110 244 516 106 204 122 1022 36 178 114 1244 604 116 322 1334 454 224 212 1564 642 142 280
positive/1778520589.766137.jpg 10 762 748 118 166 466 532 158 302 240 426 216 252 526 202 222 130 908 26 104 60 976 76 76 134 1006 110 176 120 1374 550 132 336 1226 756 140 402 1572 806 164 298
positive/1778520590.616517.jpg 9 1022 716 198 352 590 672 198 314 198 704 226 324 218 408 188 258 506 298 226 148 992 230 130 176 1022 122 102 76 1184 128 110 202 1852 378 288 156
positive/1778520591.765000.jpg 5 990 948 366 202 318 578 84 114 470 344 168 234 544 618 210 246 1810 330 120 268
positive/1778520616.728470.jpg 2 1402 410 120 224 598 212 170 144
positive/1778520619.653086.jpg 4 292 184 240 142 456 66 144 150 692 776 224 340 1476 110 114 106
positive/1778520620.620671.jpg 2 424 302 264 166 610 150 150 176
positive/1778520622.550724.jpg 4 628 448 260 176 860 206 100 238 1092 180 178 170 1306 88 92 96
positive/1778520708.273615.jpg 8 956 344 168 164 982 206 224 148 912 138 204 116 84 234 158 190 68 410 122 124 570 936 158 186 1622 66 132 164 1582 44 126 66
positive/1778520721.385081.jpg 5 816 474 262 164 1008 140 178 214 1140 216 238 150 1670 48 210 144 1010 646 320 170
positive/1778520730.061273.jpg 3 542 128 120 172 930 228 236 182 1310 674 236 280
positive/1778520734.494582.jpg 3 814 390 170 274 1022 234 212 148 344 8 148 204
positive/1778520737.264766.jpg 3 50 866 324 252 404 248 204 184 800 12 198 150
positive/1778520739.998807.jpg 3 808 268 248 162 630 152 166 140 152 58 124 116
positive/1778520746.145840.jpg 5 82 466 184 218 194 184 128 158 1412 278 134 168 1556 234 202 124 1422 14 180 104
positive/1778520751.307581.jpg 6 696 392 118 198 494 306 122 80 12 442 272 152 0 320 166 198 1028 324 206 180 190 810 232 292
positive/1778520782.608196.jpg 4 776 392 98 212 454 284 214 224 1686 686 214 224 1844 530 186 276
positive/1778520793.414348.jpg 5 514 112 60 112 1064 158 94 170 1884 338 256 150 2018 464 174 252 1122 962 198 136
positive/1778520818.991607.jpg 2 418 354 138 192 256 120 180 192
positive/1778520973.366933.jpg 7 340 78 184 124 188 118 78 106 86 22 72 92 630 8 74 78 1138 90 196 116 1528 128 202 168 1664 8 204 134
positive/1778520999.231423.jpg 8 652 326 170 172 772 104 184 156 958 268 102 104 1168 214 118 84 1548 106 120 172 230 194 90 94 0 366 122 118 1848 606 154 110
positive/1778521000.755665.jpg 8 1008 316 188 162 1150 246 52 98 1336 142 98 94 940 38 156 152 464 106 80 96 248 266 118 106 1892 308 70 120 1664 50 112 148
positive/1778521035.996823.jpg 1 996 792 86 198
positive/1778521038.337267.jpg 1 670 564 152 108
positive/1778521041.816349.jpg 2 678 558 142 112 1724 494 124 130
positive/1778521051.494043.jpg 7 868 426 98 132 1192 450 136 254 1214 150 110 194 1128 56 104 160 56 818 250 304 728 882 198 140 48 468 144 120
positive/1778521056.621946.jpg 4 438 812 122 186 742 902 110 206 1366 820 168 338 1154 562 260 248
positive/1778521059.053661.jpg 2 876 114 204 166 1058 36 194 116
positive/1778521081.714058.jpg 6 1402 552 264 140 1622 150 168 158 1616 2 168 108 1808 134 48 76 516 256 190 156 826 60 114 138
positive/1778521724.218642.jpg 7 502 502 118 306 396 180 116 188 862 582 170 106 1184 516 296 196 1514 638 304 196 1394 806 410 250 1764 822 186 110
positive/1778521724.943206.jpg 5 1254 540 248 198 1398 810 308 248 1042 842 308 252 940 186 174 190 1094 50 142 150
positive/1778521725.717842.jpg 6 1314 214 226 158 1596 110 192 140 1568 498 176 112 1372 582 184 250 1330 882 212 276 946 754 166 292
positive/1778521727.472204.jpg 6 336 818 152 182 116 670 248 226 98 558 272 194 424 462 206 158 302 480 114 114 198 124 126 176
positive/1778521729.633967.jpg 7 1028 246 72 106 842 198 192 128 692 266 232 150 298 290 274 152 524 392 122 96 2 512 248 206 608 126 182 122
