positive/1778227333.581532.jpg 4 983 515 129 184 1059 272 66 135 783 299 143 91 774 462 73 162
positive/1778227337.740530.jpg 4 545 258 103 150 940 201 50 92 814 124 91 90 784 12 40 62
positive/1778227347.350465.jpg 2 573 263 123 126 1020 162 75 50
positive/1778227383.034621.jpg 5 503 452 139 82 135 388 90 104 325 47 52 76 848 131 89 54 936 59 76 51
positive/1778227385.193400.jpg 6 616 713 54 62 1147 372 50 75 437 308 127 71 219 314 70 96 153 55 140 41 805 124 56 100
positive/1778227387.679651.jpg 6 880 170 57 51 1042 232 67 49 540 86 114 46 222 61 78 71 317 400 72 96 479 474 133 48
positive/1778227389.304348.jpg 5 398 327 125 63 331 169 62 124 892 97 112 65 993 630 153 59 922 452 126 116
positive/1778227391.830879.jpg 6 767 402 131 58 557 305 116 46 367 203 136 64 692 7 111 91 304 15 134 53 1111 460 52 139
positive/1778227394.200141.jpg 8 981 358 81 61 1308 447 55 109 555 195 90 46 786 8 84 27 253 16 121 57 4 565 44 84 216 303 78 101 845 262 33 81
positive/1778227408.214879.jpg 7 588 275 102 70 963 275 98 132 876 83 108 63 666 35 73 50 272 217 38 75 575 446 53 117 1110 93 58 67
positive/1778227411.010929.jpg 6 744 216 89 41 612 126 99 79 380 170 88 76 173 107 96 76 176 369 137 94 839 402 57 195
positive/1778227417.479436.jpg 5 633 171 92 94 574 86 70 81 859 334 77 85 407 645 98 69 388 546 72 74
positive/1778227418.879194.jpg 4 561 153 38 91 1005 415 140 73 1201 396 41 104 942 131 56 92
positive/1778227428.782979.jpg 6 560 234 92 68 735 422 104 97 396 421 182 55 196 350 136 42 20 537 101 87 393 230 35 89
positive/1778227438.305688.jpg 6 479 261 89 61 531 182 84 62 359 209 76 59 411 17 36 54 757 40 33 68 772 433 120 111
positive/1778227463.021868.jpg 6 625 228 45 84 851 175 94 63 783 74 77 87 917 10 33 51 349 194 49 103 1011 360 59 125
positive/1778227464.458259.jpg 3 493 552 128 108 906 363 117 94 693 26 82 75
positive/1778227471.152642.jpg 8 762 424 95 110 1105 456 77 101 1272 393 42 127 855 207 74 100 1031 18 79 76 391 177 98 61 298 122 108 43 424 288 56 122
positive/1778227473.677252.jpg 6 639 398 111 104 598 578 149 185 1160 575 218 155 51 577 164 193 348 199 50 90 977 60 37 57
positive/1778227476.930082.jpg 5 1087 567 190 96 1113 340 153 131 528 261 63 89 727 105 66 64 801 196 33 86
positive/1778227478.274491.jpg 7 837 271 102 82 1066 223 89 53 1228 472 150 99 148 544 223 75 446 306 143 104 340 152 92 58 585 240 104 63
positive/1778227491.495727.jpg 7 493 299 59 123 858 99 93 99 972 77 54 71 649 13 57 64 549 72 56 73 431 117 103 80 91 141 59 113
positive/1778227493.051525.jpg 6 475 335 123 91 472 220 83 109 558 70 33 86 651 11 50 73 872 115 72 83 849 39 67 70
positive/1778227496.629674.jpg 5 633 533 61 130 474 440 124 86 473 311 70 105 656 54 95 77 1047 174 111 82
positive/1778227506.505148.jpg 2 730 432 231 119 676 586 201 162
positive/1778227507.913310.jpg 3 457 491 151 83 515 296 61 78 519 115 95 89
positive/1778227771.672827.jpg 2 253 129 97 33 412 50 33 57
positive/1778227777.911783.jpg 2 601 184 90 80 388 142 57 81
positive/1778227780.918365.jpg 2 299 170 62 76 759 24 84 94
positive/1778227783.641078.jpg 4 3 191 130 73 1241 536 96 180 550 593 194 78 110 700 225 67
positive/1778227790.874502.jpg 2 603 239 134 94 67 283 105 114
positive/1778227792.368544.jpg 2 393 157 116 64 974 180 72 89
positive/1778227810.727417.jpg 3 499 397 181 72 883 164 151 110 990 271 154 113
positive/1778227817.643674.jpg 3 518 308 118 125 737 162 48 94 1212 311 157 107
positive/1778227820.877717.jpg 3 860 209 169 85 1224 318 164 143 227 331 230 123
positive/1778227828.323234.jpg 5 358 224 144 110 276 154 56 78 19 363 204 120 748 571 254 173 1353 299 81 111
positive/1778227830.947310.jpg 5 475 385 180 75 942 223 79 86 1053 173 86 75 187 85 93 71 22 279 101 96
positive/1778227832.822395.jpg 5 605 92 77 80 1157 386 125 77 930 365 69 161 70 114 84 120 518 474 104 165
positive/1778228663.078938.jpg 3 386 269 67 69 673 341 76 80 632 287 96 43
positive/1778228673.305279.jpg 2 375 316 82 86 218 436 162 56
positive/1778228682.865181.jpg 3 543 293 67 75 297 361 119 68 222 460 94 119
positive/1778228730.752903.jpg 3 817 354 96 62 938 501 117 77 356 343 40 96
positive/1778231551.788201.jpg 2 437 214 83 78 33 257 108 72
positive/1778232123.001930.jpg 1 30 421 293 123
positive/1778232127.801774.jpg 1 229 215 169 198
positive/1778232130.284075.jpg 2 434 187 192 132 147 648 244 280
positive/1778232132.855882.jpg 4 265 194 132 172 536 212 150 130 567 381 218 178 630 639 135 247
positive/1778232134.498917.jpg 1 605 307 166 276
positive/1778232135.913719.jpg 2 422 590 405 245 276 68 145 212
positive/1778232137.742141.jpg 1 263 536 137 217
positive/1778232141.838179.jpg 3 636 667 241 207 380 77 91 124 201 17 96 121
positive/1778232145.176740.jpg 2 191 129 158 216 466 69 163 199
positive/1778232189.301754.jpg 4 659 307 240 258 552 161 87 175 276 247 113 225 120 184 128 148
positive/1778232191.604264.jpg 1 308 161 115 207
positive/1778232195.599935.jpg 1 304 163 106 160
positive/1778232198.451222.jpg 1 121 241 266 196
positive/1778232204.756728.jpg 2 498 214 67 146 232 245 70 154
positive/1778232211.104498.jpg 1 84 94 271 144
positive/1778232212.194621.jpg 1 320 131 184 207
positive/1778233552.517517.jpg 1 225 257 201 196
positive/1778233565.046210.jpg 1 202 270 124 198
positive/1778233571.305498.jpg 2 174 207 152 138 36 92 147 105
positive/1778233577.290390.jpg 1 184 117 202 256
positive/1778233589.408245.jpg 2 84 313 275 287 588 213 117 253
positive/1778233596.471269.jpg 1 228 77 133 220
positive/1778234028.886907.jpg 1 262 421 196 302
positive/1778234244.860712.jpg 2 1252 425 158 303 789 78 199 95
positive/1778234247.441546.jpg 2 534 258 110 250 1323 550 166 329
positive/1778234280.954045.jpg 1 362 447 396 223
positive/1778234283.143013.jpg 1 666 266 157 265
positive/1778234291.099988.jpg 1 323 208 129 147
positive/1778234350.876251.jpg 1 617 37 201 432
positive/1778235361.303493.jpg 2 472 203 208 175 391 413 195 216
positive/1778235365.145409.jpg 2 725 341 97 188 1306 133 213 129
positive/1778235366.746161.jpg 2 1078 163 222 135 150 409 374 114
positive/1778235373.194455.jpg 1 267 258 216 159
positive/1778235374.173138.jpg 1 516 426 147 194
positive/1778235384.930584.jpg 1 1027 293 263 125
positive/1778235388.169442.jpg 4 882 703 322 255 1001 423 146 228 24 54 231 153 345 19 112 162
positive/1778235499.456660.jpg 2 1056 422 323 261 1604 354 191 187
positive/1778235511.782210.jpg 1 1465 358 102 209
